Linear:
A0 =
    0.6667    0.3333
    0.3333    0.6667

A1 =
    0.5000   -0.5000
   -0.5000    0.5000


Quad:
A0 =

    0.2667    0.1333   -0.0667
    0.1333    1.0667    0.1333
   -0.0667    0.1333    0.2667


A1 =

    1.1667   -1.3333    0.1667
   -1.3333    2.6667   -1.3333
    0.1667   -1.3333    1.1667


Cubic:
A0 =

    0.1524    0.0233   -0.0085    0.0226
    0.0233    0.0301   -0.0038   -0.0085
   -0.0085   -0.0038    0.0301    0.0233
    0.0226   -0.0085    0.0233    0.1524


A1 =

    1.8500   -0.4667    0.1333   -0.1625
   -0.4667    0.2107   -0.1449    0.1333
    0.1333   -0.1449    0.2107   -0.4667
   -0.1625    0.1333   -0.4667    1.8500
